   0.0000000e+00  -2.7849853e+00  -1.4513324e-01  -1.4646952e-01   8.3288503e-01  -7.2474605e-01   2.3861783e+00  -1.2304046e+00   3.2478662e+00   1.3966118e-01   5.1468676e-01  -2.9603708e+00   7.8800380e-01   8.8062668e-01  -5.6505974e-02  -1.5217038e+00   1.0912340e-01  -3.8280923e+00   1.3912816e+00  -2.5195109e-02  -2.5588186e+00   7.4703699e-01   1.0960619e+00   1.1706629e+00  -6.0389394e-01  -2.7849853e+00   0.0000000e+00   1.6699531e+00   2.9765480e+00   3.3671808e-01  -4.2966464e-01   1.3989285e+00  -3.5382172e-01   4.2962003e+00  -2.9475433e-01   1.2274879e+00   6.2758696e-01   1.9423090e+00  -1.7540756e+00   1.8422544e+00  -2.3290801e+00  -9.3376595e-01   1.8239207e+00   1.2059021e+00   1.1465824e+00  -2.1459947e+00   1.3333380e+00  -2.9818265e+00  -8.1965560e-01  -1.7410462e+00  -1.4513324e-01   1.6699531e+00   0.0000000e+00   2.3650885e+00  -4.8742387e-01   1.5914797e+00  -1.1302952e+00   1.4315383e+00  -4.0446262e+00   1.3403790e+00   3.8259894e-01  -1.3289485e+00  -5.6094843e-01   1.5423844e+00   1.3772628e+00   1.8552241e-01   1.8186580e+00  -2.0130062e+00  -7.8301591e-01  -1.0025065e+00  -7.0917135e-01   1.0366525e-01  -4.5447758e-01   2.0014422e+00  -6.5818894e-01  -1.4646952e-01   2.9765480e+00   2.3650885e+00   0.0000000e+00   2.0726049e+00   1.7787309e+00  -2.3930590e+00   3.8782814e-01  -1.6851489e-01   2.3504846e+00   4.1087785e-01   6.9815677e-01   1.1512515e-01   2.3760998e+00   6.6334629e-01   3.3361512e-01   1.3369559e-01  -3.3999031e+00   1.8456148e+00  -4.6848044e-01   2.0080502e+00   1.0858268e-01  -1.0507087e+00  -1.0090598e-01   2.2646859e+00   8.3288503e-01   3.3671808e-01  -4.8742387e-01   2.0726049e+00   0.0000000e+00  -1.1977663e+00  -5.9012812e-01  -3.5115554e+00  -6.6634917e-01  -1.4670064e+00   2.2893170e-01  -2.8503811e-01  -2.0161953e+00   6.5024024e-01  -6.5392870e-01   1.3906488e+00  -1.4283936e+00  -1.1379558e+00  -2.3707163e+00  -1.6520225e+00   1.2291852e+00  -3.1050014e+00   1.1208409e+00   2.1477978e+00   5.3879339e-02  -7.2474605e-01  -4.2966464e-01   1.5914797e+00   1.7787309e+00  -1.1977663e+00   0.0000000e+00   1.2643560e+00   4.4175863e-01  -1.9097668e+00  -1.1909419e+00   1.6641166e+00  -5.7047796e-01   7.8082049e-01  -1.9006931e+00  -2.2087457e+00  -2.4799554e+00   1.5526845e-01   3.6972511e-01   2.1338509e-01  -1.2113423e+00   2.0786772e+00   2.0599155e+00  -9.4509590e-01   3.4119388e-01   6.2207222e-01   2.3861783e+00   1.3989285e+00  -1.1302952e+00  -2.3930590e+00  -5.9012812e-01   1.2643560e+00   0.0000000e+00   8.1636131e-02  -4.1879730e+00   1.2891235e+00  -1.6877800e+00  -1.7212549e+00   8.6695170e-01   8.4647828e-01  -2.5762885e+00   3.6389549e+00  -5.3393704e-01  -1.1120183e+00  -8.8633054e-01  -5.0265890e-01  -8.0370933e-01   2.9177227e+00  -2.4976313e+00  -3.4689298e-01   2.5481617e-01  -1.2304046e+00  -3.5382172e-01   1.4315383e+00   3.8782814e-01  -3.5115554e+00   4.4175863e-01   8.1636131e-02   0.0000000e+00   2.1868247e-01  -1.0117772e+00   9.2521620e-01   8.9123285e-01   1.3629736e+00   1.9683359e+00   8.8206345e-01  -5.1329672e-01  -1.9575633e+00  -2.2919693e+00   2.4601753e+00  -4.6216097e-02  -1.9067079e+00   1.6514951e+00  -3.0728002e+00   3.9100845e+00  -3.2094626e+00   3.2478662e+00   4.2962003e+00  -4.0446262e+00  -1.6851489e-01  -6.6634917e-01  -1.9097668e+00  -4.1879730e+00   2.1868247e-01   0.0000000e+00   3.3541994e+00   9.3766168e-02  -9.0586409e-02  -2.7520177e-01   7.4768102e-01   1.9333436e-01   2.3270414e+00   5.5055335e-02  -2.3884032e+00   3.5069352e-01  -3.6755419e-01  -1.8157761e+00   2.3950698e+00   8.8524058e-02  -3.9780101e-01   1.6342152e+00   1.3966118e-01  -2.9475433e-01   1.3403790e+00   2.3504846e+00  -1.4670064e+00  -1.1909419e+00   1.2891235e+00  -1.0117772e+00   3.3541994e+00   0.0000000e+00   2.1176317e+00   2.0185792e-01   1.0281150e+00   2.2642264e+00   1.6165906e+00   1.5232230e+00  -2.0683053e+00   1.8406122e+00   3.2546721e+00   6.3778281e-01   2.6779795e-01   4.5669594e+00   2.1125298e+00   1.3191594e+00  -3.6965952e+00   5.1468676e-01   1.2274879e+00   3.8259894e-01   4.1087785e-01   2.2893170e-01   1.6641166e+00  -1.6877800e+00   9.2521620e-01   9.3766168e-02   2.1176317e+00   0.0000000e+00   1.0524664e+00   2.2695425e+00   1.2599486e+00   5.2602726e-01   2.8138623e-02  -5.6018525e-01  -3.3582313e+00  -1.2268813e+00   2.4748669e+00   1.8650181e+00  -5.0205278e-01   1.8904148e+00   5.4334110e-01   2.0341561e+00  -2.9603708e+00   6.2758696e-01  -1.3289485e+00   6.9815677e-01  -2.8503811e-01  -5.7047796e-01  -1.7212549e+00   8.9123285e-01  -9.0586409e-02   2.0185792e-01   1.0524664e+00   0.0000000e+00  -2.8724813e-01   7.8940076e-01   7.8358483e-01  -1.0996306e+00  -3.1570688e-01  -1.6432526e+00  -6.6274101e-01  -1.1159511e+00  -1.8317209e+00   8.6858042e-02   4.1199470e-01   1.9478412e+00  -8.4754270e-01   7.8800380e-01   1.9423090e+00  -5.6094843e-01   1.1512515e-01  -2.0161953e+00   7.8082049e-01   8.6695170e-01   1.3629736e+00  -2.7520177e-01   1.0281150e+00   2.2695425e+00  -2.8724813e-01   0.0000000e+00   1.1127025e+00   1.3104260e+00   3.4642419e-01  -1.5632603e-01  -4.9878773e-01   1.9468362e+00  -4.6189868e-01   1.6882927e+00   2.3114858e+00   1.0712348e+00  -6.5516353e-01  -4.2934200e-01   8.8062668e-01  -1.7540756e+00   1.5423844e+00   2.3760998e+00   6.5024024e-01  -1.9006931e+00   8.4647828e-01   1.9683359e+00   7.4768102e-01   2.2642264e+00   1.2599486e+00   7.8940076e-01   1.1127025e+00   0.0000000e+00  -1.3582461e+00  -2.7642358e-02   4.9014398e-01  -1.8672917e+00   9.8837334e-01   1.6064272e+00   2.1217051e+00   1.0095788e+00   1.7690864e-01   1.4240597e+00  -2.0272498e+00  -5.6505974e-02   1.8422544e+00   1.3772628e+00   6.6334629e-01  -6.5392870e-01  -2.2087457e+00  -2.5762885e+00   8.8206345e-01   1.9333436e-01   1.6165906e+00   5.2602726e-01   7.8358483e-01   1.3104260e+00  -1.3582461e+00   0.0000000e+00   2.2962198e+00  -1.1626278e+00  -1.4152925e-01  -1.4189203e+00   2.2753570e+00  -5.1264054e-01   3.0439624e-01  -1.4940642e+00   4.2629072e-01  -4.6169889e-01  -1.5217038e+00  -2.3290801e+00   1.8552241e-01   3.3361512e-01   1.3906488e+00  -2.4799554e+00   3.6389549e+00  -5.1329672e-01   2.3270414e+00   1.5232230e+00   2.8138623e-02  -1.0996306e+00   3.4642419e-01  -2.7642358e-02   2.2962198e+00   0.0000000e+00   1.0303150e+00   1.7203304e+00  -8.6923951e-01   2.7683797e-01   4.7613853e-01   1.2405676e+00   2.6618609e-01   4.3022108e-01   4.3847796e-01   1.0912340e-01  -9.3376595e-01   1.8186580e+00   1.3369559e-01  -1.4283936e+00   1.5526845e-01  -5.3393704e-01  -1.9575633e+00   5.5055335e-02  -2.0683053e+00  -5.6018525e-01  -3.1570688e-01  -1.5632603e-01   4.9014398e-01  -1.1626278e+00   1.0303150e+00   0.0000000e+00   5.7923639e-01  -2.4650891e+00  -2.2836435e+00  -1.9139750e+00  -7.8121752e-01  -8.9038348e-01   2.0595825e+00   1.8276262e+00  -3.8280923e+00   1.8239207e+00  -2.0130062e+00  -3.3999031e+00  -1.1379558e+00   3.6972511e-01  -1.1120183e+00  -2.2919693e+00  -2.3884032e+00   1.8406122e+00  -3.3582313e+00  -1.6432526e+00  -4.9878773e-01  -1.8672917e+00  -1.4152925e-01   1.7203304e+00   5.7923639e-01   0.0000000e+00   2.0226157e+00   1.5920382e+00   1.2676303e+00   2.0910177e+00  -2.9012885e+00  -4.9736521e-01  -1.4791731e+00   1.3912816e+00   1.2059021e+00  -7.8301591e-01   1.8456148e+00  -2.3707163e+00   2.1338509e-01  -8.8633054e-01   2.4601753e+00   3.5069352e-01   3.2546721e+00  -1.2268813e+00  -6.6274101e-01   1.9468362e+00   9.8837334e-01  -1.4189203e+00  -8.6923951e-01  -2.4650891e+00   2.0226157e+00   0.0000000e+00  -2.5861425e+00   2.4046295e+00  -1.1081936e+00   2.0797429e+00  -9.1552144e-01   1.6781276e+00  -2.5195109e-02   1.1465824e+00  -1.0025065e+00  -4.6848044e-01  -1.6520225e+00  -1.2113423e+00  -5.0265890e-01  -4.6216097e-02  -3.6755419e-01   6.3778281e-01   2.4748669e+00  -1.1159511e+00  -4.6189868e-01   1.6064272e+00   2.2753570e+00   2.7683797e-01  -2.2836435e+00   1.5920382e+00  -2.5861425e+00   0.0000000e+00  -3.2615085e+00  -8.0313021e-01   1.9607139e+00   1.0830594e+00  -1.9888059e+00  -2.5588186e+00  -2.1459947e+00  -7.0917135e-01   2.0080502e+00   1.2291852e+00   2.0786772e+00  -8.0370933e-01  -1.9067079e+00  -1.8157761e+00   2.6779795e-01   1.8650181e+00  -1.8317209e+00   1.6882927e+00   2.1217051e+00  -5.1264054e-01   4.7613853e-01  -1.9139750e+00   1.2676303e+00   2.4046295e+00  -3.2615085e+00   0.0000000e+00  -2.1923606e+00  -2.3963640e+00  -6.6170216e-01   1.6457925e+00   7.4703699e-01   1.3333380e+00   1.0366525e-01   1.0858268e-01  -3.1050014e+00   2.0599155e+00   2.9177227e+00   1.6514951e+00   2.3950698e+00   4.5669594e+00  -5.0205278e-01   8.6858042e-02   2.3114858e+00   1.0095788e+00   3.0439624e-01   1.2405676e+00  -7.8121752e-01   2.0910177e+00  -1.1081936e+00  -8.0313021e-01  -2.1923606e+00   0.0000000e+00   5.4782754e-01   8.0854297e-01  -1.7061759e+00   1.0960619e+00  -2.9818265e+00  -4.5447758e-01  -1.0507087e+00   1.1208409e+00  -9.4509590e-01  -2.4976313e+00  -3.0728002e+00   8.8524058e-02   2.1125298e+00   1.8904148e+00   4.1199470e-01   1.0712348e+00   1.7690864e-01  -1.4940642e+00   2.6618609e-01  -8.9038348e-01  -2.9012885e+00   2.0797429e+00   1.9607139e+00  -2.3963640e+00   5.4782754e-01   0.0000000e+00   1.9751877e+00  -2.1294494e+00   1.1706629e+00  -8.1965560e-01   2.0014422e+00  -1.0090598e-01   2.1477978e+00   3.4119388e-01  -3.4689298e-01   3.9100845e+00  -3.9780101e-01   1.3191594e+00   5.4334110e-01   1.9478412e+00  -6.5516353e-01   1.4240597e+00   4.2629072e-01   4.3022108e-01   2.0595825e+00  -4.9736521e-01  -9.1552144e-01   1.0830594e+00  -6.6170216e-01   8.0854297e-01   1.9751877e+00   0.0000000e+00   3.5278639e-01  -6.0389394e-01  -1.7410462e+00  -6.5818894e-01   2.2646859e+00   5.3879339e-02   6.2207222e-01   2.5481617e-01  -3.2094626e+00   1.6342152e+00  -3.6965952e+00   2.0341561e+00  -8.4754270e-01  -4.2934200e-01  -2.0272498e+00  -4.6169889e-01   4.3847796e-01   1.8276262e+00  -1.4791731e+00   1.6781276e+00  -1.9888059e+00   1.6457925e+00  -1.7061759e+00  -2.1294494e+00   3.5278639e-01   0.0000000e+00
   0.0000000e+00   2.7849853e+00   1.4513324e-01   1.4646952e-01  -8.3288503e-01   7.2474605e-01  -2.3861783e+00   1.2304046e+00  -3.2478662e+00  -1.3966118e-01  -5.1468676e-01   2.9603708e+00  -7.8800380e-01  -8.8062668e-01   5.6505974e-02   1.5217038e+00  -1.0912340e-01   3.8280923e+00  -1.3912816e+00   2.5195109e-02   2.5588186e+00  -7.4703699e-01  -1.0960619e+00  -1.1706629e+00   6.0389394e-01   2.7849853e+00   0.0000000e+00  -1.6699531e+00  -2.9765480e+00  -3.3671808e-01   4.2966464e-01  -1.3989285e+00   3.5382172e-01  -4.2962003e+00   2.9475433e-01  -1.2274879e+00  -6.2758696e-01  -1.9423090e+00   1.7540756e+00  -1.8422544e+00   2.3290801e+00   9.3376595e-01  -1.8239207e+00  -1.2059021e+00  -1.1465824e+00   2.1459947e+00  -1.3333380e+00   2.9818265e+00   8.1965560e-01   1.7410462e+00   1.4513324e-01  -1.6699531e+00   0.0000000e+00  -2.3650885e+00   4.8742387e-01  -1.5914797e+00   1.1302952e+00  -1.4315383e+00   4.0446262e+00  -1.3403790e+00  -3.8259894e-01   1.3289485e+00   5.6094843e-01  -1.5423844e+00  -1.3772628e+00  -1.8552241e-01  -1.8186580e+00   2.0130062e+00   7.8301591e-01   1.0025065e+00   7.0917135e-01  -1.0366525e-01   4.5447758e-01  -2.0014422e+00   6.5818894e-01   1.4646952e-01  -2.9765480e+00  -2.3650885e+00   0.0000000e+00  -2.0726049e+00  -1.7787309e+00   2.3930590e+00  -3.8782814e-01   1.6851489e-01  -2.3504846e+00  -4.1087785e-01  -6.9815677e-01  -1.1512515e-01  -2.3760998e+00  -6.6334629e-01  -3.3361512e-01  -1.3369559e-01   3.3999031e+00  -1.8456148e+00   4.6848044e-01  -2.0080502e+00  -1.0858268e-01   1.0507087e+00   1.0090598e-01  -2.2646859e+00  -8.3288503e-01  -3.3671808e-01   4.8742387e-01  -2.0726049e+00   0.0000000e+00   1.1977663e+00   5.9012812e-01   3.5115554e+00   6.6634917e-01   1.4670064e+00  -2.2893170e-01   2.8503811e-01   2.0161953e+00  -6.5024024e-01   6.5392870e-01  -1.3906488e+00   1.4283936e+00   1.1379558e+00   2.3707163e+00   1.6520225e+00  -1.2291852e+00   3.1050014e+00  -1.1208409e+00  -2.1477978e+00  -5.3879339e-02   7.2474605e-01   4.2966464e-01  -1.5914797e+00  -1.7787309e+00   1.1977663e+00   0.0000000e+00  -1.2643560e+00  -4.4175863e-01   1.9097668e+00   1.1909419e+00  -1.6641166e+00   5.7047796e-01  -7.8082049e-01   1.9006931e+00   2.2087457e+00   2.4799554e+00  -1.5526845e-01  -3.6972511e-01  -2.1338509e-01   1.2113423e+00  -2.0786772e+00  -2.0599155e+00   9.4509590e-01  -3.4119388e-01  -6.2207222e-01  -2.3861783e+00  -1.3989285e+00   1.1302952e+00   2.3930590e+00   5.9012812e-01  -1.2643560e+00   0.0000000e+00  -8.1636131e-02   4.1879730e+00  -1.2891235e+00   1.6877800e+00   1.7212549e+00  -8.6695170e-01  -8.4647828e-01   2.5762885e+00  -3.6389549e+00   5.3393704e-01   1.1120183e+00   8.8633054e-01   5.0265890e-01   8.0370933e-01  -2.9177227e+00   2.4976313e+00   3.4689298e-01  -2.5481617e-01   1.2304046e+00   3.5382172e-01  -1.4315383e+00  -3.8782814e-01   3.5115554e+00  -4.4175863e-01  -8.1636131e-02   0.0000000e+00  -2.1868247e-01   1.0117772e+00  -9.2521620e-01  -8.9123285e-01  -1.3629736e+00  -1.9683359e+00  -8.8206345e-01   5.1329672e-01   1.9575633e+00   2.2919693e+00  -2.4601753e+00   4.6216097e-02   1.9067079e+00  -1.6514951e+00   3.0728002e+00  -3.9100845e+00   3.2094626e+00  -3.2478662e+00  -4.2962003e+00   4.0446262e+00   1.6851489e-01   6.6634917e-01   1.9097668e+00   4.1879730e+00  -2.1868247e-01   0.0000000e+00  -3.3541994e+00  -9.3766168e-02   9.0586409e-02   2.7520177e-01  -7.4768102e-01  -1.9333436e-01  -2.3270414e+00  -5.5055335e-02   2.3884032e+00  -3.5069352e-01   3.6755419e-01   1.8157761e+00  -2.3950698e+00  -8.8524058e-02   3.9780101e-01  -1.6342152e+00  -1.3966118e-01   2.9475433e-01  -1.3403790e+00  -2.3504846e+00   1.4670064e+00   1.1909419e+00  -1.2891235e+00   1.0117772e+00  -3.3541994e+00   0.0000000e+00  -2.1176317e+00  -2.0185792e-01  -1.0281150e+00  -2.2642264e+00  -1.6165906e+00  -1.5232230e+00   2.0683053e+00  -1.8406122e+00  -3.2546721e+00  -6.3778281e-01  -2.6779795e-01  -4.5669594e+00  -2.1125298e+00  -1.3191594e+00   3.6965952e+00  -5.1468676e-01  -1.2274879e+00  -3.8259894e-01  -4.1087785e-01  -2.2893170e-01  -1.6641166e+00   1.6877800e+00  -9.2521620e-01  -9.3766168e-02  -2.1176317e+00   0.0000000e+00  -1.0524664e+00  -2.2695425e+00  -1.2599486e+00  -5.2602726e-01  -2.8138623e-02   5.6018525e-01   3.3582313e+00   1.2268813e+00  -2.4748669e+00  -1.8650181e+00   5.0205278e-01  -1.8904148e+00  -5.4334110e-01  -2.0341561e+00   2.9603708e+00  -6.2758696e-01   1.3289485e+00  -6.9815677e-01   2.8503811e-01   5.7047796e-01   1.7212549e+00  -8.9123285e-01   9.0586409e-02  -2.0185792e-01  -1.0524664e+00   0.0000000e+00   2.8724813e-01  -7.8940076e-01  -7.8358483e-01   1.0996306e+00   3.1570688e-01   1.6432526e+00   6.6274101e-01   1.1159511e+00   1.8317209e+00  -8.6858042e-02  -4.1199470e-01  -1.9478412e+00   8.4754270e-01  -7.8800380e-01  -1.9423090e+00   5.6094843e-01  -1.1512515e-01   2.0161953e+00  -7.8082049e-01  -8.6695170e-01  -1.3629736e+00   2.7520177e-01  -1.0281150e+00  -2.2695425e+00   2.8724813e-01   0.0000000e+00  -1.1127025e+00  -1.3104260e+00  -3.4642419e-01   1.5632603e-01   4.9878773e-01  -1.9468362e+00   4.6189868e-01  -1.6882927e+00  -2.3114858e+00  -1.0712348e+00   6.5516353e-01   4.2934200e-01  -8.8062668e-01   1.7540756e+00  -1.5423844e+00  -2.3760998e+00  -6.5024024e-01   1.9006931e+00  -8.4647828e-01  -1.9683359e+00  -7.4768102e-01  -2.2642264e+00  -1.2599486e+00  -7.8940076e-01  -1.1127025e+00   0.0000000e+00   1.3582461e+00   2.7642358e-02  -4.9014398e-01   1.8672917e+00  -9.8837334e-01  -1.6064272e+00  -2.1217051e+00  -1.0095788e+00  -1.7690864e-01  -1.4240597e+00   2.0272498e+00   5.6505974e-02  -1.8422544e+00  -1.3772628e+00  -6.6334629e-01   6.5392870e-01   2.2087457e+00   2.5762885e+00  -8.8206345e-01  -1.9333436e-01  -1.6165906e+00  -5.2602726e-01  -7.8358483e-01  -1.3104260e+00   1.3582461e+00   0.0000000e+00  -2.2962198e+00   1.1626278e+00   1.4152925e-01   1.4189203e+00  -2.2753570e+00   5.1264054e-01  -3.0439624e-01   1.4940642e+00  -4.2629072e-01   4.6169889e-01   1.5217038e+00   2.3290801e+00  -1.8552241e-01  -3.3361512e-01  -1.3906488e+00   2.4799554e+00  -3.6389549e+00   5.1329672e-01  -2.3270414e+00  -1.5232230e+00  -2.8138623e-02   1.0996306e+00  -3.4642419e-01   2.7642358e-02  -2.2962198e+00   0.0000000e+00  -1.0303150e+00  -1.7203304e+00   8.6923951e-01  -2.7683797e-01  -4.7613853e-01  -1.2405676e+00  -2.6618609e-01  -4.3022108e-01  -4.3847796e-01  -1.0912340e-01   9.3376595e-01  -1.8186580e+00  -1.3369559e-01   1.4283936e+00  -1.5526845e-01   5.3393704e-01   1.9575633e+00  -5.5055335e-02   2.0683053e+00   5.6018525e-01   3.1570688e-01   1.5632603e-01  -4.9014398e-01   1.1626278e+00  -1.0303150e+00   0.0000000e+00  -5.7923639e-01   2.4650891e+00   2.2836435e+00   1.9139750e+00   7.8121752e-01   8.9038348e-01  -2.0595825e+00  -1.8276262e+00   3.8280923e+00  -1.8239207e+00   2.0130062e+00   3.3999031e+00   1.1379558e+00  -3.6972511e-01   1.1120183e+00   2.2919693e+00   2.3884032e+00  -1.8406122e+00   3.3582313e+00   1.6432526e+00   4.9878773e-01   1.8672917e+00   1.4152925e-01  -1.7203304e+00  -5.7923639e-01   0.0000000e+00  -2.0226157e+00  -1.5920382e+00  -1.2676303e+00  -2.0910177e+00   2.9012885e+00   4.9736521e-01   1.4791731e+00  -1.3912816e+00  -1.2059021e+00   7.8301591e-01  -1.8456148e+00   2.3707163e+00  -2.1338509e-01   8.8633054e-01  -2.4601753e+00  -3.5069352e-01  -3.2546721e+00   1.2268813e+00   6.6274101e-01  -1.9468362e+00  -9.8837334e-01   1.4189203e+00   8.6923951e-01   2.4650891e+00  -2.0226157e+00   0.0000000e+00   2.5861425e+00  -2.4046295e+00   1.1081936e+00  -2.0797429e+00   9.1552144e-01  -1.6781276e+00   2.5195109e-02  -1.1465824e+00   1.0025065e+00   4.6848044e-01   1.6520225e+00   1.2113423e+00   5.0265890e-01   4.6216097e-02   3.6755419e-01  -6.3778281e-01  -2.4748669e+00   1.1159511e+00   4.6189868e-01  -1.6064272e+00  -2.2753570e+00  -2.7683797e-01   2.2836435e+00  -1.5920382e+00   2.5861425e+00   0.0000000e+00   3.2615085e+00   8.0313021e-01  -1.9607139e+00  -1.0830594e+00   1.9888059e+00   2.5588186e+00   2.1459947e+00   7.0917135e-01  -2.0080502e+00  -1.2291852e+00  -2.0786772e+00   8.0370933e-01   1.9067079e+00   1.8157761e+00  -2.6779795e-01  -1.8650181e+00   1.8317209e+00  -1.6882927e+00  -2.1217051e+00   5.1264054e-01  -4.7613853e-01   1.9139750e+00  -1.2676303e+00  -2.4046295e+00   3.2615085e+00   0.0000000e+00   2.1923606e+00   2.3963640e+00   6.6170216e-01  -1.6457925e+00  -7.4703699e-01  -1.3333380e+00  -1.0366525e-01  -1.0858268e-01   3.1050014e+00  -2.0599155e+00  -2.9177227e+00  -1.6514951e+00  -2.3950698e+00  -4.5669594e+00   5.0205278e-01  -8.6858042e-02  -2.3114858e+00  -1.0095788e+00  -3.0439624e-01  -1.2405676e+00   7.8121752e-01  -2.0910177e+00   1.1081936e+00   8.0313021e-01   2.1923606e+00   0.0000000e+00  -5.4782754e-01  -8.0854297e-01   1.7061759e+00  -1.0960619e+00   2.9818265e+00   4.5447758e-01   1.0507087e+00  -1.1208409e+00   9.4509590e-01   2.4976313e+00   3.0728002e+00  -8.8524058e-02  -2.1125298e+00  -1.8904148e+00  -4.1199470e-01  -1.0712348e+00  -1.7690864e-01   1.4940642e+00  -2.6618609e-01   8.9038348e-01   2.9012885e+00  -2.0797429e+00  -1.9607139e+00   2.3963640e+00  -5.4782754e-01   0.0000000e+00  -1.9751877e+00   2.1294494e+00  -1.1706629e+00   8.1965560e-01  -2.0014422e+00   1.0090598e-01  -2.1477978e+00  -3.4119388e-01   3.4689298e-01  -3.9100845e+00   3.9780101e-01  -1.3191594e+00  -5.4334110e-01  -1.9478412e+00   6.5516353e-01  -1.4240597e+00  -4.2629072e-01  -4.3022108e-01  -2.0595825e+00   4.9736521e-01   9.1552144e-01  -1.0830594e+00   6.6170216e-01  -8.0854297e-01  -1.9751877e+00   0.0000000e+00  -3.5278639e-01   6.0389394e-01   1.7410462e+00   6.5818894e-01  -2.2646859e+00  -5.3879339e-02  -6.2207222e-01  -2.5481617e-01   3.2094626e+00  -1.6342152e+00   3.6965952e+00  -2.0341561e+00   8.4754270e-01   4.2934200e-01   2.0272498e+00   4.6169889e-01  -4.3847796e-01  -1.8276262e+00   1.4791731e+00  -1.6781276e+00   1.9888059e+00  -1.6457925e+00   1.7061759e+00   2.1294494e+00  -3.5278639e-01   0.0000000e+00
