   0.0000000e+00  -7.2040582e-01  -2.8034027e+00   1.3074483e+00   1.1708821e+00  -2.7028956e+00   8.5125113e-01  -6.6811359e-01   2.0354817e+00   2.0230053e-01   2.4426906e+00   2.1626730e+00  -2.4420164e+00   6.7829835e-01  -8.6543912e-01  -1.7256162e+00   3.5006094e-01  -7.5932652e-01  -2.1882901e+00   5.2521968e-01  -3.9157575e-01   1.2908207e+00   2.0214670e+00  -4.1795492e-01  -1.5853965e-01  -7.2040582e-01   0.0000000e+00   2.5182667e+00   1.5633266e+00   1.9055822e-01  -3.6833420e-01  -2.8260291e+00   1.0516288e+00  -8.2730287e-01   1.2879488e+00   1.6117384e+00  -3.0365485e-01  -2.2576590e+00   6.3422662e-01  -1.9607255e+00  -1.2262679e+00  -1.3925570e+00  -3.1657777e+00   7.0612001e-01  -4.6590641e-01   6.1228827e-02   9.0397328e-01  -1.7693795e+00  -3.1679171e-01   1.7732526e+00  -2.8034027e+00   2.5182667e+00   0.0000000e+00  -8.6349446e-01  -1.3881097e+00  -2.8709600e+00  -1.2883545e+00  -2.6296494e+00   4.7776857e-01  -2.3796651e+00   2.4792363e-01   1.8494073e+00  -2.2045174e+00   1.2510904e+00   5.6240028e-01   7.7996844e-01   4.7202134e-03   2.6231580e+00  -1.9580299e-01   1.1750041e+00  -2.1025047e+00   1.3343080e+00  -9.5814598e-01  -2.2648914e+00  -2.2697403e-01   1.3074483e+00   1.5633266e+00  -8.6349446e-01   0.0000000e+00   3.4100229e-01   3.5541389e+00   6.6544935e-02  -2.7845852e+00  -2.1477237e-01   3.4116787e-01   3.5547118e+00  -3.1404132e-01  -7.8779513e-01  -5.5420810e-01   1.4934100e+00   9.6419287e-01   2.2105372e-01   1.4369144e+00   1.1646485e+00  -1.1757522e+00  -2.6183468e-01   3.1113562e-01  -1.9149150e-01  -1.2918853e+00  -2.1152635e+00   1.1708821e+00   1.9055822e-01  -1.3881097e+00   3.4100229e-01   0.0000000e+00  -1.2287034e+00  -9.4208968e-01  -1.5118530e+00   4.9760306e-01   4.5405424e-01   1.0169615e+00   2.5541575e+00  -6.8746579e-01   2.0554912e+00  -2.1071146e+00   2.7477219e+00  -1.2790321e+00   6.1276937e-01  -1.1476659e+00   3.2200892e-02  -2.5491436e+00   2.1157262e+00   8.3341849e-01   1.0872233e+00  -1.6029729e+00  -2.7028956e+00  -3.6833420e-01  -2.8709600e+00   3.5541389e+00  -1.2287034e+00   0.0000000e+00   5.1630658e-01  -1.9837785e-01   1.7071593e+00  -1.6669086e+00   1.4052941e-01   1.9806942e+00   3.1524854e+00  -2.2902126e+00  -8.6430073e-01  -1.5790910e-01  -2.9518449e+00   3.4256613e+00   7.4887615e-01  -2.0175521e+00   9.3526043e-02  -2.3589547e+00  -1.5678486e+00  -3.0531878e+00  -2.6301210e+00   8.5125113e-01  -2.8260291e+00  -1.2883545e+00   6.6544935e-02  -9.4208968e-01   5.1630658e-01   0.0000000e+00   1.7116245e+00  -6.9259828e-01   5.0112295e-01   2.3582253e+00  -1.8535665e+00  -2.6040754e+00   4.3821195e-01  -1.4645257e+00   5.6038362e-01  -2.9395899e-01  -3.6643271e+00  -1.6879375e+00  -2.7356064e-01   1.7945614e-01   1.4760678e+00   8.3594674e-01  -2.1346560e+00  -1.6618749e+00  -6.6811359e-01   1.0516288e+00  -2.6296494e+00  -2.7845852e+00  -1.5118530e+00  -1.9837785e-01   1.7116245e+00   0.0000000e+00  -2.2225590e+00   8.5116225e-01  -1.3284681e+00   1.5934017e+00   5.2283376e-01  -2.9026750e-01   1.9406272e+00  -1.0856378e+00  -4.3969074e-01  -8.4570938e-01  -7.9624134e-01   9.8782605e-01   7.2271878e-01   1.9461091e+00   1.2353204e+00   9.2293108e-01   5.7679929e-02   2.0354817e+00  -8.2730287e-01   4.7776857e-01  -2.1477237e-01   4.9760306e-01   1.7071593e+00  -6.9259828e-01  -2.2225590e+00   0.0000000e+00  -7.4346018e-01  -3.0470209e+00   2.7405375e-01   2.2820261e+00  -2.2197301e+00   1.2863876e+00  -3.0159411e-01   1.7866063e+00   5.6693780e-01  -1.6963851e+00  -1.6262830e+00   8.7539566e-01  -4.9037841e-01   3.0681327e-01  -4.6084642e-01   3.5049596e+00   2.0230053e-01   1.2879488e+00  -2.3796651e+00   3.4116787e-01   4.5405424e-01  -1.6669086e+00   5.0112295e-01   8.5116225e-01  -7.4346018e-01   0.0000000e+00   2.4449439e+00  -2.7160270e+00  -2.8330176e+00   1.9661547e-01   4.7287250e-01   2.1943657e+00   2.6818472e-01   4.1378155e-01  -1.3940570e+00   1.4094766e+00  -1.0990045e+00   4.6308783e-01  -3.0593199e-01  -8.9638901e-01  -5.4475540e-01   2.4426906e+00   1.6117384e+00   2.4792363e-01   3.5547118e+00   1.0169615e+00   1.4052941e-01   2.3582253e+00  -1.3284681e+00  -3.0470209e+00   2.4449439e+00   0.0000000e+00  -1.0636640e+00   1.0324227e+00   1.4993502e-01  -1.1097872e-01   2.9917678e-01  -1.5271257e+00   1.1279680e+00   4.2414671e-01   1.1859559e+00  -8.2729554e-01  -1.1243538e-01   6.0055435e-01   5.9236306e-01  -2.0392466e+00   2.1626730e+00  -3.0365485e-01   1.8494073e+00  -3.1404132e-01   2.5541575e+00   1.9806942e+00  -1.8535665e+00   1.5934017e+00   2.7405375e-01  -2.7160270e+00  -1.0636640e+00   0.0000000e+00   1.2239385e+00  -2.3172057e+00   1.7577751e+00   1.5074377e+00  -7.1770763e-01   1.6730027e+00   8.9174861e-01  -2.4306571e+00  -2.0322218e+00   2.8449783e+00  -2.5415621e+00  -3.7834933e+00   3.0678174e-02  -2.4420164e+00  -2.2576590e+00  -2.2045174e+00  -7.8779513e-01  -6.8746579e-01   3.1524854e+00  -2.6040754e+00   5.2283376e-01   2.2820261e+00  -2.8330176e+00   1.0324227e+00   1.2239385e+00   0.0000000e+00   2.3164635e+00   2.1621196e+00   2.3898823e+00  -3.2440597e-01  -4.5680654e-01   2.3030772e+00   1.7775853e-01   3.1192026e-01  -3.2997429e-01  -1.0598451e+00   1.0705614e+00  -1.1454893e+00   6.7829835e-01   6.3422662e-01   1.2510904e+00  -5.5420810e-01   2.0554912e+00  -2.2902126e+00   4.3821195e-01  -2.9026750e-01  -2.2197301e+00   1.9661547e-01   1.4993502e-01  -2.3172057e+00   2.3164635e+00   0.0000000e+00  -1.7945929e-01  -8.8442403e-01   1.2627094e+00  -1.1025058e-01   1.3565816e+00   1.3801588e+00  -9.0444833e-01   7.7583629e-01  -4.4195485e-01  -7.9934388e-01   1.4802428e-01  -8.6543912e-01  -1.9607255e+00   5.6240028e-01   1.4934100e+00  -2.1071146e+00  -8.6430073e-01  -1.4645257e+00   1.9406272e+00   1.2863876e+00   4.7287250e-01  -1.1097872e-01   1.7577751e+00   2.1621196e+00  -1.7945929e-01   0.0000000e+00  -1.0044861e-01   8.1888539e-01  -1.2401990e+00  -1.5179566e-01   5.8985406e-01   7.3651880e-01   1.9481537e+00   5.1361507e-01  -1.3136697e-01  -6.4841151e-01  -1.7256162e+00  -1.2262679e+00   7.7996844e-01   9.6419287e-01   2.7477219e+00  -1.5790910e-01   5.6038362e-01  -1.0856378e+00  -3.0159411e-01   2.1943657e+00   2.9917678e-01   1.5074377e+00   2.3898823e+00  -8.8442403e-01  -1.0044861e-01   0.0000000e+00   4.5264256e-01  -2.4857385e+00  -1.5120155e+00  -7.0670187e-01  -5.1294394e-02  -1.8910851e+00  -1.9050828e+00  -1.3511025e+00   1.8210531e+00   3.5006094e-01  -1.3925570e+00   4.7202134e-03   2.2105372e-01  -1.2790321e+00  -2.9518449e+00  -2.9395899e-01  -4.3969074e-01   1.7866063e+00   2.6818472e-01  -1.5271257e+00  -7.1770763e-01  -3.2440597e-01   1.2627094e+00   8.1888539e-01   4.5264256e-01   0.0000000e+00   7.5345725e-01  -1.0475320e+00  -1.4785039e-01   1.7340460e+00  -7.1541166e-01   1.0794189e+00   6.0882729e-01  -2.4246950e+00  -7.5932652e-01  -3.1657777e+00   2.6231580e+00   1.4369144e+00   6.1276937e-01   3.4256613e+00  -3.6643271e+00  -8.4570938e-01   5.6693780e-01   4.1378155e-01   1.1279680e+00   1.6730027e+00  -4.5680654e-01  -1.1025058e-01  -1.2401990e+00  -2.4857385e+00   7.5345725e-01   0.0000000e+00  -1.7428228e+00  -2.6372167e-01   4.4805089e-01  -2.0229628e+00  -3.1710672e+00  -1.1761755e+00   9.1236532e-01  -2.1882901e+00   7.0612001e-01  -1.9580299e-01   1.1646485e+00  -1.1476659e+00   7.4887615e-01  -1.6879375e+00  -7.9624134e-01  -1.6963851e+00  -1.3940570e+00   4.2414671e-01   8.9174861e-01   2.3030772e+00   1.3565816e+00  -1.5179566e-01  -1.5120155e+00  -1.0475320e+00  -1.7428228e+00   0.0000000e+00  -6.4439029e-01  -2.2789437e-01  -1.2567401e+00  -1.8082310e+00   1.3711837e-01  -5.0056353e-02   5.2521968e-01  -4.6590641e-01   1.1750041e+00  -1.1757522e+00   3.2200892e-02  -2.0175521e+00  -2.7356064e-01   9.8782605e-01  -1.6262830e+00   1.4094766e+00   1.1859559e+00  -2.4306571e+00   1.7775853e-01   1.3801588e+00   5.8985406e-01  -7.0670187e-01  -1.4785039e-01  -2.6372167e-01  -6.4439029e-01   0.0000000e+00  -4.4704878e-01   9.4915587e-01   2.7213585e-01   4.2818373e-01   1.6720906e-01  -3.9157575e-01   6.1228827e-02  -2.1025047e+00  -2.6183468e-01  -2.5491436e+00   9.3526043e-02   1.7945614e-01   7.2271878e-01   8.7539566e-01  -1.0990045e+00  -8.2729554e-01  -2.0322218e+00   3.1192026e-01  -9.0444833e-01   7.3651880e-01  -5.1294394e-02   1.7340460e+00   4.4805089e-01  -2.2789437e-01  -4.4704878e-01   0.0000000e+00   1.4789304e+00   3.9382380e-01  -8.2557994e-01  -1.4462404e+00   1.2908207e+00   9.0397328e-01   1.3343080e+00   3.1113562e-01   2.1157262e+00  -2.3589547e+00   1.4760678e+00   1.9461091e+00  -4.9037841e-01   4.6308783e-01  -1.1243538e-01   2.8449783e+00  -3.2997429e-01   7.7583629e-01   1.9481537e+00  -1.8910851e+00  -7.1541166e-01  -2.0229628e+00  -1.2567401e+00   9.4915587e-01   1.4789304e+00   0.0000000e+00  -1.8891172e+00  -2.3560314e+00  -1.0259533e+00   2.0214670e+00  -1.7693795e+00  -9.5814598e-01  -1.9149150e-01   8.3341849e-01  -1.5678486e+00   8.3594674e-01   1.2353204e+00   3.0681327e-01  -3.0593199e-01   6.0055435e-01  -2.5415621e+00  -1.0598451e+00  -4.4195485e-01   5.1361507e-01  -1.9050828e+00   1.0794189e+00  -3.1710672e+00  -1.8082310e+00   2.7213585e-01   3.9382380e-01  -1.8891172e+00   0.0000000e+00  -6.0439253e-01  -1.8050586e-01  -4.1795492e-01  -3.1679171e-01  -2.2648914e+00  -1.2918853e+00   1.0872233e+00  -3.0531878e+00  -2.1346560e+00   9.2293108e-01  -4.6084642e-01  -8.9638901e-01   5.9236306e-01  -3.7834933e+00   1.0705614e+00  -7.9934388e-01  -1.3136697e-01  -1.3511025e+00   6.0882729e-01  -1.1761755e+00   1.3711837e-01   4.2818373e-01  -8.2557994e-01  -2.3560314e+00  -6.0439253e-01   0.0000000e+00  -1.9479042e+00  -1.5853965e-01   1.7732526e+00  -2.2697403e-01  -2.1152635e+00  -1.6029729e+00  -2.6301210e+00  -1.6618749e+00   5.7679929e-02   3.5049596e+00  -5.4475540e-01  -2.0392466e+00   3.0678174e-02  -1.1454893e+00   1.4802428e-01  -6.4841151e-01   1.8210531e+00  -2.4246950e+00   9.1236532e-01  -5.0056353e-02   1.6720906e-01  -1.4462404e+00  -1.0259533e+00  -1.8050586e-01  -1.9479042e+00   0.0000000e+00
   0.0000000e+00   7.2040582e-01   2.8034027e+00  -1.3074483e+00  -1.1708821e+00   2.7028956e+00  -8.5125113e-01   6.6811359e-01  -2.0354817e+00  -2.0230053e-01  -2.4426906e+00  -2.1626730e+00   2.4420164e+00  -6.7829835e-01   8.6543912e-01   1.7256162e+00  -3.5006094e-01   7.5932652e-01   2.1882901e+00  -5.2521968e-01   3.9157575e-01  -1.2908207e+00  -2.0214670e+00   4.1795492e-01   1.5853965e-01   7.2040582e-01   0.0000000e+00  -2.5182667e+00  -1.5633266e+00  -1.9055822e-01   3.6833420e-01   2.8260291e+00  -1.0516288e+00   8.2730287e-01  -1.2879488e+00  -1.6117384e+00   3.0365485e-01   2.2576590e+00  -6.3422662e-01   1.9607255e+00   1.2262679e+00   1.3925570e+00   3.1657777e+00  -7.0612001e-01   4.6590641e-01  -6.1228827e-02  -9.0397328e-01   1.7693795e+00   3.1679171e-01  -1.7732526e+00   2.8034027e+00  -2.5182667e+00   0.0000000e+00   8.6349446e-01   1.3881097e+00   2.8709600e+00   1.2883545e+00   2.6296494e+00  -4.7776857e-01   2.3796651e+00  -2.4792363e-01  -1.8494073e+00   2.2045174e+00  -1.2510904e+00  -5.6240028e-01  -7.7996844e-01  -4.7202134e-03  -2.6231580e+00   1.9580299e-01  -1.1750041e+00   2.1025047e+00  -1.3343080e+00   9.5814598e-01   2.2648914e+00   2.2697403e-01  -1.3074483e+00  -1.5633266e+00   8.6349446e-01   0.0000000e+00  -3.4100229e-01  -3.5541389e+00  -6.6544935e-02   2.7845852e+00   2.1477237e-01  -3.4116787e-01  -3.5547118e+00   3.1404132e-01   7.8779513e-01   5.5420810e-01  -1.4934100e+00  -9.6419287e-01  -2.2105372e-01  -1.4369144e+00  -1.1646485e+00   1.1757522e+00   2.6183468e-01  -3.1113562e-01   1.9149150e-01   1.2918853e+00   2.1152635e+00  -1.1708821e+00  -1.9055822e-01   1.3881097e+00  -3.4100229e-01   0.0000000e+00   1.2287034e+00   9.4208968e-01   1.5118530e+00  -4.9760306e-01  -4.5405424e-01  -1.0169615e+00  -2.5541575e+00   6.8746579e-01  -2.0554912e+00   2.1071146e+00  -2.7477219e+00   1.2790321e+00  -6.1276937e-01   1.1476659e+00  -3.2200892e-02   2.5491436e+00  -2.1157262e+00  -8.3341849e-01  -1.0872233e+00   1.6029729e+00   2.7028956e+00   3.6833420e-01   2.8709600e+00  -3.5541389e+00   1.2287034e+00   0.0000000e+00  -5.1630658e-01   1.9837785e-01  -1.7071593e+00   1.6669086e+00  -1.4052941e-01  -1.9806942e+00  -3.1524854e+00   2.2902126e+00   8.6430073e-01   1.5790910e-01   2.9518449e+00  -3.4256613e+00  -7.4887615e-01   2.0175521e+00  -9.3526043e-02   2.3589547e+00   1.5678486e+00   3.0531878e+00   2.6301210e+00  -8.5125113e-01   2.8260291e+00   1.2883545e+00  -6.6544935e-02   9.4208968e-01  -5.1630658e-01   0.0000000e+00  -1.7116245e+00   6.9259828e-01  -5.0112295e-01  -2.3582253e+00   1.8535665e+00   2.6040754e+00  -4.3821195e-01   1.4645257e+00  -5.6038362e-01   2.9395899e-01   3.6643271e+00   1.6879375e+00   2.7356064e-01  -1.7945614e-01  -1.4760678e+00  -8.3594674e-01   2.1346560e+00   1.6618749e+00   6.6811359e-01  -1.0516288e+00   2.6296494e+00   2.7845852e+00   1.5118530e+00   1.9837785e-01  -1.7116245e+00   0.0000000e+00   2.2225590e+00  -8.5116225e-01   1.3284681e+00  -1.5934017e+00  -5.2283376e-01   2.9026750e-01  -1.9406272e+00   1.0856378e+00   4.3969074e-01   8.4570938e-01   7.9624134e-01  -9.8782605e-01  -7.2271878e-01  -1.9461091e+00  -1.2353204e+00  -9.2293108e-01  -5.7679929e-02  -2.0354817e+00   8.2730287e-01  -4.7776857e-01   2.1477237e-01  -4.9760306e-01  -1.7071593e+00   6.9259828e-01   2.2225590e+00   0.0000000e+00   7.4346018e-01   3.0470209e+00  -2.7405375e-01  -2.2820261e+00   2.2197301e+00  -1.2863876e+00   3.0159411e-01  -1.7866063e+00  -5.6693780e-01   1.6963851e+00   1.6262830e+00  -8.7539566e-01   4.9037841e-01  -3.0681327e-01   4.6084642e-01  -3.5049596e+00  -2.0230053e-01  -1.2879488e+00   2.3796651e+00  -3.4116787e-01  -4.5405424e-01   1.6669086e+00  -5.0112295e-01  -8.5116225e-01   7.4346018e-01   0.0000000e+00  -2.4449439e+00   2.7160270e+00   2.8330176e+00  -1.9661547e-01  -4.7287250e-01  -2.1943657e+00  -2.6818472e-01  -4.1378155e-01   1.3940570e+00  -1.4094766e+00   1.0990045e+00  -4.6308783e-01   3.0593199e-01   8.9638901e-01   5.4475540e-01  -2.4426906e+00  -1.6117384e+00  -2.4792363e-01  -3.5547118e+00  -1.0169615e+00  -1.4052941e-01  -2.3582253e+00   1.3284681e+00   3.0470209e+00  -2.4449439e+00   0.0000000e+00   1.0636640e+00  -1.0324227e+00  -1.4993502e-01   1.1097872e-01  -2.9917678e-01   1.5271257e+00  -1.1279680e+00  -4.2414671e-01  -1.1859559e+00   8.2729554e-01   1.1243538e-01  -6.0055435e-01  -5.9236306e-01   2.0392466e+00  -2.1626730e+00   3.0365485e-01  -1.8494073e+00   3.1404132e-01  -2.5541575e+00  -1.9806942e+00   1.8535665e+00  -1.5934017e+00  -2.7405375e-01   2.7160270e+00   1.0636640e+00   0.0000000e+00  -1.2239385e+00   2.3172057e+00  -1.7577751e+00  -1.5074377e+00   7.1770763e-01  -1.6730027e+00  -8.9174861e-01   2.4306571e+00   2.0322218e+00  -2.8449783e+00   2.5415621e+00   3.7834933e+00  -3.0678174e-02   2.4420164e+00   2.2576590e+00   2.2045174e+00   7.8779513e-01   6.8746579e-01  -3.1524854e+00   2.6040754e+00  -5.2283376e-01  -2.2820261e+00   2.8330176e+00  -1.0324227e+00  -1.2239385e+00   0.0000000e+00  -2.3164635e+00  -2.1621196e+00  -2.3898823e+00   3.2440597e-01   4.5680654e-01  -2.3030772e+00  -1.7775853e-01  -3.1192026e-01   3.2997429e-01   1.0598451e+00  -1.0705614e+00   1.1454893e+00  -6.7829835e-01  -6.3422662e-01  -1.2510904e+00   5.5420810e-01  -2.0554912e+00   2.2902126e+00  -4.3821195e-01   2.9026750e-01   2.2197301e+00  -1.9661547e-01  -1.4993502e-01   2.3172057e+00  -2.3164635e+00   0.0000000e+00   1.7945929e-01   8.8442403e-01  -1.2627094e+00   1.1025058e-01  -1.3565816e+00  -1.3801588e+00   9.0444833e-01  -7.7583629e-01   4.4195485e-01   7.9934388e-01  -1.4802428e-01   8.6543912e-01   1.9607255e+00  -5.6240028e-01  -1.4934100e+00   2.1071146e+00   8.6430073e-01   1.4645257e+00  -1.9406272e+00  -1.2863876e+00  -4.7287250e-01   1.1097872e-01  -1.7577751e+00  -2.1621196e+00   1.7945929e-01   0.0000000e+00   1.0044861e-01  -8.1888539e-01   1.2401990e+00   1.5179566e-01  -5.8985406e-01  -7.3651880e-01  -1.9481537e+00  -5.1361507e-01   1.3136697e-01   6.4841151e-01   1.7256162e+00   1.2262679e+00  -7.7996844e-01  -9.6419287e-01  -2.7477219e+00   1.5790910e-01  -5.6038362e-01   1.0856378e+00   3.0159411e-01  -2.1943657e+00  -2.9917678e-01  -1.5074377e+00  -2.3898823e+00   8.8442403e-01   1.0044861e-01   0.0000000e+00  -4.5264256e-01   2.4857385e+00   1.5120155e+00   7.0670187e-01   5.1294394e-02   1.8910851e+00   1.9050828e+00   1.3511025e+00  -1.8210531e+00  -3.5006094e-01   1.3925570e+00  -4.7202134e-03  -2.2105372e-01   1.2790321e+00   2.9518449e+00   2.9395899e-01   4.3969074e-01  -1.7866063e+00  -2.6818472e-01   1.5271257e+00   7.1770763e-01   3.2440597e-01  -1.2627094e+00  -8.1888539e-01  -4.5264256e-01   0.0000000e+00  -7.5345725e-01   1.0475320e+00   1.4785039e-01  -1.7340460e+00   7.1541166e-01  -1.0794189e+00  -6.0882729e-01   2.4246950e+00   7.5932652e-01   3.1657777e+00  -2.6231580e+00  -1.4369144e+00  -6.1276937e-01  -3.4256613e+00   3.6643271e+00   8.4570938e-01  -5.6693780e-01  -4.1378155e-01  -1.1279680e+00  -1.6730027e+00   4.5680654e-01   1.1025058e-01   1.2401990e+00   2.4857385e+00  -7.5345725e-01   0.0000000e+00   1.7428228e+00   2.6372167e-01  -4.4805089e-01   2.0229628e+00   3.1710672e+00   1.1761755e+00  -9.1236532e-01   2.1882901e+00  -7.0612001e-01   1.9580299e-01  -1.1646485e+00   1.1476659e+00  -7.4887615e-01   1.6879375e+00   7.9624134e-01   1.6963851e+00   1.3940570e+00  -4.2414671e-01  -8.9174861e-01  -2.3030772e+00  -1.3565816e+00   1.5179566e-01   1.5120155e+00   1.0475320e+00   1.7428228e+00   0.0000000e+00   6.4439029e-01   2.2789437e-01   1.2567401e+00   1.8082310e+00  -1.3711837e-01   5.0056353e-02  -5.2521968e-01   4.6590641e-01  -1.1750041e+00   1.1757522e+00  -3.2200892e-02   2.0175521e+00   2.7356064e-01  -9.8782605e-01   1.6262830e+00  -1.4094766e+00  -1.1859559e+00   2.4306571e+00  -1.7775853e-01  -1.3801588e+00  -5.8985406e-01   7.0670187e-01   1.4785039e-01   2.6372167e-01   6.4439029e-01   0.0000000e+00   4.4704878e-01  -9.4915587e-01  -2.7213585e-01  -4.2818373e-01  -1.6720906e-01   3.9157575e-01  -6.1228827e-02   2.1025047e+00   2.6183468e-01   2.5491436e+00  -9.3526043e-02  -1.7945614e-01  -7.2271878e-01  -8.7539566e-01   1.0990045e+00   8.2729554e-01   2.0322218e+00  -3.1192026e-01   9.0444833e-01  -7.3651880e-01   5.1294394e-02  -1.7340460e+00  -4.4805089e-01   2.2789437e-01   4.4704878e-01   0.0000000e+00  -1.4789304e+00  -3.9382380e-01   8.2557994e-01   1.4462404e+00  -1.2908207e+00  -9.0397328e-01  -1.3343080e+00  -3.1113562e-01  -2.1157262e+00   2.3589547e+00  -1.4760678e+00  -1.9461091e+00   4.9037841e-01  -4.6308783e-01   1.1243538e-01  -2.8449783e+00   3.2997429e-01  -7.7583629e-01  -1.9481537e+00   1.8910851e+00   7.1541166e-01   2.0229628e+00   1.2567401e+00  -9.4915587e-01  -1.4789304e+00   0.0000000e+00   1.8891172e+00   2.3560314e+00   1.0259533e+00  -2.0214670e+00   1.7693795e+00   9.5814598e-01   1.9149150e-01  -8.3341849e-01   1.5678486e+00  -8.3594674e-01  -1.2353204e+00  -3.0681327e-01   3.0593199e-01  -6.0055435e-01   2.5415621e+00   1.0598451e+00   4.4195485e-01  -5.1361507e-01   1.9050828e+00  -1.0794189e+00   3.1710672e+00   1.8082310e+00  -2.7213585e-01  -3.9382380e-01   1.8891172e+00   0.0000000e+00   6.0439253e-01   1.8050586e-01   4.1795492e-01   3.1679171e-01   2.2648914e+00   1.2918853e+00  -1.0872233e+00   3.0531878e+00   2.1346560e+00  -9.2293108e-01   4.6084642e-01   8.9638901e-01  -5.9236306e-01   3.7834933e+00  -1.0705614e+00   7.9934388e-01   1.3136697e-01   1.3511025e+00  -6.0882729e-01   1.1761755e+00  -1.3711837e-01  -4.2818373e-01   8.2557994e-01   2.3560314e+00   6.0439253e-01   0.0000000e+00   1.9479042e+00   1.5853965e-01  -1.7732526e+00   2.2697403e-01   2.1152635e+00   1.6029729e+00   2.6301210e+00   1.6618749e+00  -5.7679929e-02  -3.5049596e+00   5.4475540e-01   2.0392466e+00  -3.0678174e-02   1.1454893e+00  -1.4802428e-01   6.4841151e-01  -1.8210531e+00   2.4246950e+00  -9.1236532e-01   5.0056353e-02  -1.6720906e-01   1.4462404e+00   1.0259533e+00   1.8050586e-01   1.9479042e+00   0.0000000e+00
